Original_Index,Name,Weekly_Dropoff_Totes,Daily_Pickup_Totes,Address,Latitude,Longitude,Cumulative_Distance,Truck_Load
0,Moody Gardens,0.0,0.0,"1 Hope Blvd, Galveston",29.2736,-94.8523,0,0
115,Cafe in the Park,3.0,3.0,"7 Hope Blvd Galveston, TX 77554",29.2731,-94.8509,201,3
123,Palm Beach At Moody Gardens,6.0,8.0,"8928, 1 Hope Boulevard, Galveston",29.2757,-94.851,552,11
139,Moody Gardens Restaurant (shown under other restaurant),1.0,1.0,"1 Hope Boulevard, Galveston",29.2757,-94.852,581,12
137,Rainforest Pyramid,1.0,2.0,"1 Hope Blvd Galveston, TX 77554",29.2755,-94.8526,755,14
138,Aquarium Pyramid,1.0,2.0,"1 Hope Blvd Galveston, TX 77554",29.2724,-94.8542,1745,16
116,Shearn's Seafood and Prime Steaks,1.0,1.0,"7 Hope Blvd Galveston, TX 77554",29.2708,-94.8505,2302,17
22,Cajun Greek,1.0,1.0,"2226 61st St Galveston, TX 77551",29.2769,-94.8316,4800,18
150,Mario's Ristorante,1.0,1.0,"2202 61st St Galveston, TX 77551",29.2771,-94.8315,4880,19
144,Yamato,1.0,1.0,"2104 61st Street, Galveston",29.2781,-94.8316,5081,20
112,Hooters,1.0,1.0,"6028 Heards Ln Galveston, TX 77551",29.2797,-94.8324,5372,21
17,Galveston College Charlie Thomas Family Applied Technology Center,2.0,3.0,"7626 Broadway Street, Galveston",29.2876,-94.8568,8609,24
18,Galveston Country club,1.0,1.0,"14888 Stewart rd Galveston, TX 77554",29.289,-94.8627,9704,25
121,Number 13 Prime Steak and Seafood,1.0,1.0,"7809 Broadway Street, Galveston",29.2851,-94.8575,10800,26
78,Taco Cabana,1.0,2.0,"2729 61st St. Galveston, TX 77551",29.2708,-94.829,15090,28
136,Tortuga Mexican Kitchen,1.0,1.0,,29.2675,-94.8256,15811,29
111,Landry's Prime Seafood & Steaks,1.0,1.0,"5310 Seawall Blvd Galveston, TX 77551",29.2707,-94.8202,16580,30
135,Rainforest Cafe,1.0,1.0,,29.2708,-94.8202,16626,31
134,Grotto (under San Luis),1.0,1.0,,29.2726,-94.8184,17138,32
110,The Cove,1.0,1.0,"5222 Seawall Boulevard, Galveston",29.2725,-94.8183,17143,33
130,Blake's Bistro (under San Luis),1.0,1.0,San Luis Hotel,29.2725,-94.8183,17143,34
109,H2O Pool + Bar,8.0,11.0,"5222 Seawall Blvd Inside the San Luis Resort Galveston, TX 77551",29.2724,-94.8174,17333,45
132,B. Jiggers Lounge,1.0,1.0,,29.2725,-94.8167,17423,46
128,Jetty,1.0,1.0,HI seawall,29.2728,-94.8166,17501,47
105,KritiKos Olympia Grill,1.0,1.0,"4908 Seawall Boulevard suite B, Galveston",29.2734,-94.8157,17639,48
161,Salsas,1.0,1.0,"4604 Seawall Boulevard, Galveston",29.2755,-94.8118,18251,49
104,Seawall Bar,1.0,2.0,"4302 Seawall Boulevard, Galveston (Tru Hotel)",29.2769,-94.8087,18622,51
25,Gaido's,1.0,1.0,"3828 Seawall Boulevard, Galveston",29.2796,-94.8045,19129,52
93,The Gumbo Diner,1.0,1.0,"3602 Seawall Boulevard, Galveston",29.2812,-94.8019,19514,53
92,Joe's Crab Shack,1.0,1.0,"3502 Seawall Boulevard, Galveston",29.2816,-94.8015,19592,54
91,Queen's Bar-B-Que,1.0,2.0,"3428 Avenue S, Galveston",29.2835,-94.8012,19827,56
88,Drip,1.0,1.0,"3204 Seawall Boulevard, Galveston",29.2837,-94.7982,20150,57
83,Under the Bun,1.0,1.0,"3202 Seawall Boulevard, Galveston (SPOT)",29.2837,-94.7982,20150,58
84,Squeeze,1.0,1.0,"3204 Seawall Boulevard c, Galveston (spot)",29.2838,-94.798,20180,59
86,SideYard,1.0,1.0,"3204 Seawall Boulevard Suite D, Galveston",29.2837,-94.798,20190,60
156,The Spot,1.0,1.0,"3204 Seawall Boulevard, Galveston",29.2836,-94.798,20200,61
87,Rum Shack,1.0,1.0,"3204 Seawall Boulevard Suite E, Galveston",29.2836,-94.798,20200,62
85,Tiki Bar,2.0,2.0,"3204 Seawall Boulevard Suite B, Galveston",29.2836,-94.798,20200,64
81,Island time beach bar,2.0,2.0,"3102 Seawall Boulevard, Galveston",29.2842,-94.7971,20321,66
79,Float Pool & Patio Bar,1.0,1.0,"2828 Seawall Boulevard, Galveston",29.2859,-94.7944,20644,67
15,BLVD Seafood (all of Yagas Entertainment),1.0,1.0,"2804 Avenue R 1/2, Galveston",29.2866,-94.794,20809,68
46,Fish Company Taco,1.0,1.0,"1914 23rd Street, Galveston",29.2918,-94.7889,21771,69
52,Galvez Bar & Grill,1.0,1.0,"2024 Seawall Boulevard, Galveston",29.2928,-94.7863,22140,70
43,Longboard Pool Bar,1.0,1.0,"1702 Seawall Boulevard, Galveston",29.2945,-94.7829,22596,71
40,Saltgrass Steak House,1.0,1.0,"1502 Seawall Boulevard, Galveston",29.296,-94.7809,22912,72
37,Benno's Cajun Seafood Restaurant,1.0,1.0,"1212 Seawall Boulevard, Galveston",29.2982,-94.7782,23385,73
127,Lone Star Rally-Bar Hq,1.0,1.0,"910 Avenue M, Galveston",29.3016,-94.7755,23887,74
4,Porch Cafe,1.0,1.0,"1625 East Beach Drive #2A, Galveston",29.3196,-94.7502,27368,75
162,Russo's New York Pizzeria & Italian Kitchen - Galveston,1.0,1.0,"500 Seawall Boulevard #300, Galveston",29.307,-94.7717,30189,76
117,Rice & Curry Indo-Pak Cuisine,1.0,1.0,"712 7th Street, Galveston",29.3075,-94.7744,30651,77
101,Gonzalo’s American Bistro,1.0,1.0,"415 9th Street, Galveston",29.3091,-94.7778,31167,78
158,Suki Poke by the Sea,1.0,1.0,"427 Market Street, Galveston",29.3106,-94.7726,31924,79
119,Marina Bar & Grill,1.0,1.0,"715 North Holiday Drive, Galveston",29.3175,-94.7774,33296,80
107,America's Kitchen,1.0,1.0,"500 Harborside Drive, Galveston",29.3141,-94.7756,34279,81
118,PJ’s coffee,1.0,1.0,"712 Texas Avenue, Galveston (UTMB)",29.3115,-94.7781,34710,82
29,Mosquito Cafe,1.0,1.0,"628 14th Street, Galveston",29.3057,-94.7825,36020,83
30,PattyCakes Bakery,1.0,1.0,"704 14th Street, Galveston",29.3054,-94.7824,36055,84
21,Shykatz,1.0,2.0,"1528 Avenue L, Galveston",29.3006,-94.7832,36808,86
51,Monarch Restaurant,1.0,1.0,"2024 Seawall Boulevard, Galveston",29.2926,-94.7864,38056,87
74,Bubba Gump Shrimp Co.,1.0,1.0,"2501 Seawall Boulevard, Galveston",29.2878,-94.7902,38768,88
94,Redfish Pool Bar,1.0,1.0,"3788 Seawall Boulevard, Galveston",29.2799,-94.8038,40349,89
113,Golden Corral Buffet & Grill,1.0,1.0,"6200 Seawall Boulevard, Galveston",29.2661,-94.8283,43272,90
31,Sapori,1.0,1.0,"7611 Stewart Road, Galveston",29.2593,-94.8413,45094,91
122,Galveston Primetime,2.0,2.0,"8902 Seawall Boulevard, Galveston Movie theatre)",29.253,-94.8542,46763,93
120,Dolphin World Inc No 2,1.0,1.0,"718 41st Str Galveston, TX 77550",29.2517,-94.8532,47098,94
125,Jimmy's Curbside Restaurant and Grocery,1.0,2.0,"9001 Seawall Boulevard, Galveston",29.2507,-94.8532,47191,96
124,SEA BEAN Coffee Cafe,1.0,2.0,"9001 Seawall Blvd Galveston, TX 77551 (Jimmies)",29.2506,-94.8532,47197,98
157,Seahorse Grill,1.0,1.0,"3802 Cove View Blvd Ste C Galveston, TX 77554",29.2445,-94.868,48918,99
168,Seawall Coffee Company,1.0,2.0,,29.2446,-94.8678,48939,101
33,Cooper's Landing,1.0,1.0,"11150 Termini-San Luis Pass Road, Galveston",29.2407,-94.878,50078,102
133,Hummel's General Store & Deli,1.0,2.0,,29.2082,-94.9375,56979,104
141,Mario's Pizza,1.0,1.0,"13708 Termini-san Luis Pass Rd Galveston, TX 77554",29.2083,-94.9374,57005,105
45,Nate's Westend Seafood & Steaks,1.0,1.0,"17515 Termini-San Luis Pass Road, Galveston",29.1752,-94.9851,62989,106
129,Galveston Food Truck Park,1.0,1.0,"Nest to the Wet Whistle Bar in Sea Isle, 21510 Termini-San Luis Pass Road, Galveston",29.1415,-95.0405,69553,107
60,The West End Marina and Restaurants,1.0,1.0,"21706 Burnet Drive, Galveston",29.145,-95.047,70533,108
149,The Sandbar Grille,1.0,1.0,"21706 Burnet Drive, Galveston",29.145,-95.0471,70535,109
143,Waterman's Restaurant,1.0,1.0,"14302 Stewart Rd Galveston, TX 77554",29.2074,-94.9492,83576,110
39,Lil’ Buffalo Grille,1.0,1.0,"13 Evia Main, Galveston",29.2611,-94.8706,94865,111
1,Sugar Bean,1.0,1.0,"11 Evia Main, Galveston",29.261,-94.8704,94924,112
126,Tin Cup's Caddy Shack,1.0,1.0,"9020 Stewart Road, Galveston",29.2539,-94.8556,97375,113
57,Schlitterbahn Waterpark Galveston,6.0,8.0,"2109 Gene Lucas Blvd, Galveston",29.2704,-94.8517,99929,121
0,Moody Gardens,0.0,0.0,"1 Hope Blvd, Galveston",29.2736,-94.8523,100434,121
